[start]
0.426
0.019
0.278
0.161
0.85
0.008
0.747
0.017
0.227
0.013
0.122
0.135
0.399
0.005
0.018
0.885
0.047
0.195
0.015
0.094
0.017
0.474
0.409
0.443
0.516
0.364
0.015
0.007
0.316
0.015
0.0
0.547
0.006
0.162
0.663
0.208
0.315
0.222
0.0
0.007
0.649
0.519
0.251
0.165
0.033
0.011
0.295
0.0
0.342
0.01
0.02
0.006
0.016
0.339
0.0
0.036
0.03
0.036
0.009
0.029
0.101
0.754
0.282
0.001
0.003
0.231
0.058
0.027
0.011
0.013
0.555
0.005
0.0
0.006
0.293
0.404
0.29
0.0
0.144
0.119
0.087
0.394
0.712
0.46
0.011
0.007
0.009
0.314
0.428
0.002
0.0
0.009
0.262
0.385
0.297
0.002
0.24
0.0
0.148
0.368
0.021
0.012
0.0
0.32
0.419
0.119
0.825
0.177
0.0
0.287
0.0
0.0
0.524
0.457
0.001
0.02
0.001
0.137
0.492
0.0
0.676
0.019
0.01
0.031
0.0
0.031
0.016
0.01
0.0
0.638
0.0
0.241
0.186
0.012
0.019
0.381
0.469
0.677
0.0
0.512
0.447
0.352
0.37
0.475
0.008
0.0
0.004
0.438
0.466
0.369
0.0
0.008
0.391
0.007
0.0
0.006
0.633
0.0
0.0
0.599
0.519
0.0
0.408
0.19
0.141
0.0
0.006
0.0
0.0
0.002
0.502
0.009
0.036
0.001
0.0
0.409
0.674
0.01
0.368
0.766
0.184
0.159
0.161
0.0
0.0
0.667
0.004
0.0
0.191
0.0
0.201
0.235
0.004
0.012
0.223
0.59
0.012
0.582
0.0
0.0
0.009
0.036
0.363
0.386
0.029
0.391
0.494
0.011
0.013
0.432
0.312
0.257
0.528
0.634
0.249
0.007
0.091
0.87
0.686
0.362
0.003
0.512
0.45
0.01
0.593
0.003
0.309
0.029
0.006
0.0
0.081
0.0
0.008
0.167
0.001
0.303
0.0
0.033
0.03
0.557
0.015
0.567
0.362
0.016
0.107
0.012
0.029
0.526
0.36
0.01
0.698
0.386
0.007
0.005
0.384
0.043
0.265
0.14
0.312
0.309
0.012
0.346
0.548
0.0
0.0
0.002
0.345
0.034
0.032
0.567
0.006
0.52
0.298
0.0
0.304
0.006
0.524
0.348
0.211
0.502
0.0
0.314
0.309
0.002
0.0
0.005
0.324
0.193
0.001
0.4
0.013
0.016
0.413
0.0
0.011
0.119
0.021
0.361
0.0
0.433
0.396
0.485
0.026
0.021
0.314
0.155
0.006
0.0
0.0
0.0
0.238
0.114
0.471
0.675
0.027
0.477
0.533
0.327
0.359
0.437
0.506
0.014
0.592
0.005
0.006
0.057
0.016
0.006
0.032
0.328
0.172
0.403
0.451
0.05
0.471
0.025
0.649
0.04
0.669
0.493
0.013
0.289
0.407
0.481
0.011
0.138
0.553
0.424
0.014
0.351
0.01
0.216
0.002
0.854
0.356
0.004
0.021
0.004
0.3
0.014
0.018
0.543
0.0
0.004
0.014
0.338
0.352
0.006
0.426
0.487
0.147
0.134
0.446
0.546
0.766
0.017
0.905
0.009
0.449
0.04
0.8
0.0
0.682
0.035
0.378
0.015
0.014
0.634
0.641
0.025
0.143
0.018
0.33
0.0
0.32
0.024
0.764
0.35
0.423
0.016
0.035
0.757
0.072
0.019
0.178
0.0
0.473
0.39
0.013
0.006
0.026
0.472
0.361
0.234
0.0
0.02
0.479
0.619
0.036
0.039
0.042
0.513
0.007
0.534
0.422
0.364
0.757
0.093
0.758
0.447
0.312
0.098
0.407
0.832
0.0
0.108
0.552
0.298
0.717
0.308
0.009
0.005
0.797
0.0
0.02
0.776
0.402
0.18
0.481
0.269
0.618
0.009
0.029
0.309
0.0
0.72
0.0
0.0
0.418
0.007
0.399
0.724
0.0
0.004
0.538
0.517
0.214
0.356
0.431
0.001
0.014
0.472
0.035
0.275
0.756
0.136
0.001
0.007
0.0
0.094
0.066
0.0
0.188
0.002
0.0
0.012
0.008
0.009
0.179
0.194
0.004
0.012
0.433
0.539
0.096
0.003
0.188
0.0
0.543
0.19
0.008
0.159
0.308
0.005
0.327
0.001
0.601
0.354
0.0
0.021
0.249
0.525
0.568
0.227
0.346
0.002
0.002
0.001
0.002
0.0
0.343
0.433
0.626
0.004
0.731
0.017
0.006
0.014
0.259
0.634
0.442
0.444
0.0
0.58
0.013
0.508
0.363
0.147
0.034
0.351
0.284
0.543
0.0
0.482
0.034
0.18
0.001
0.007
0.023
0.055
0.012
0.009
0.413
0.845
0.095
0.154
0.38
0.002
0.335
0.292
0.405
0.028
0.371
0.005
0.06
0.468
0.058
0.399
0.0
0.585
0.049
0.512
0.003
0.0
0.0
0.532
0.173
0.0
0.377
0.336
0.357
0.004
0.188
0.001
0.002
0.016
0.001
0.001
0.0
0.019
0.291
0.637
0.07
0.002
0.017
0.005
0.364
0.292
0.036
0.521
0.566
0.026
0.382
0.033
0.0
0.436
0.025
0.432
0.004
0.066
0.608
0.026
0.018
0.004
0.309
0.361
0.37
0.071
0.007
0.024
0.318
0.037
0.202
0.692
0.336
0.122
0.0
0.468
0.008
0.0
0.26
0.004
0.0
0.022
0.008
0.37
0.004
0.428
0.001
0.825
0.009
0.0
0.002
0.566
0.255
0.837
0.003
0.387
0.018
0.014
0.009
0.009
0.043
0.004
0.432
0.004
0.127
0.155
0.031
0.033
0.0
0.425
0.484
0.763
0.432
0.552
0.706
0.003
0.007
0.037
0.55
0.02
0.003
0.025
0.441
0.007
0.363
0.003
0.53
0.006
0.0
0.23
0.002
0.008
0.278
0.009
0.465
0.0
0.0
0.005
0.017
0.169
0.008
0.002
0.311
0.527
0.013
0.056
0.409
0.001
0.443
0.028
0.045
0.5
0.0
0.013
0.576
0.447
0.34
0.0
0.003
0.0
0.336
0.0
0.411
0.023
0.462
0.02
0.474
0.003
0.014
0.457
0.033
0.186
0.287
0.603
0.191
0.604
0.039
0.007
0.131
0.005
0.308
0.268
0.011
0.162
0.0
0.001
0.422
0.009
0.462
0.009
0.386
0.433
0.002
0.425
0.0
0.027
0.012
0.489
0.007
0.0
0.2
0.356
0.315
0.0
0.114
0.343
0.004
0.283
0.027
0.023
0.063
0.03
0.011
0.377
0.862
0.0
0.006
0.0
0.112
0.159
0.513
0.419
0.42
0.007
0.038
0.291
0.218
0.545
0.169
0.029
0.018
0.0
0.314
0.0
0.0
0.031
0.463
0.396
0.467
0.72
0.512
0.008
0.29
0.051
0.304
0.799
0.284
0.22
0.004
0.417
0.489
0.387
0.0
0.008
0.0
0.51
0.272
0.004
0.229
0.703
0.019
0.015
0.019
0.038
0.307
0.564
0.518
0.0
0.007
0.163
0.244
0.425
0.003
0.584
0.001
0.467
0.604
0.01
0.002
0.667
0.0
0.016
0.0
0.01
0.687
0.028
0.0
0.392
0.455
0.37
0.0
0.258
0.0
0.549
0.329
0.009
0.526
0.029
0.035
0.487
0.0
0.173
0.022
0.002
0.425
0.002
0.69
0.0
0.003
0.016
0.0
0.316
0.572
0.014
0.699
0.466
0.425
0.0
0.367
0.451
0.275
0.582
0.0
0.004
0.005
0.034
0.374
0.005
0.48
0.018
0.003
0.565
0.0
0.373
0.069
0.0
0.226
0.001
0.246
0.213
0.0
0.136
0.384
0.257
0.523
0.417
0.482
0.308
0.192
0.0
0.24
0.262
0.018
0.007
0.321
0.481
0.344
0.441
0.014
0.499
0.005
0.013
0.025
0.414
0.309
0.094
0.0
0.016
0.001
0.006
0.434
0.012
0.267
0.354
0.815
0.358
0.413
0.22
0.004
0.024
0.013
0.003
0.402
0.008
0.006
0.6
0.188
0.009
0.369
0.362
0.004
0.221
0.376
0.398
0.587
0.122
0.788
0.207
0.004
0.001
0.0
0.023
0.308
0.282
0.141
0.705
0.628
0.018
0.013
0.7
0.362
0.559
0.373
0.218
0.002
0.0
0.01
0.406
0.0
0.381
0.298
0.462
0.002
0.772
0.814
0.449
0.0
0.004
0.396
0.005
0.0
0.125
0.343
0.075
0.004
0.156
0.03
0.0
0.616
0.807
0.461
0.016
0.003
0.336
0.153
0.442
0.521
0.305
0.0
0.378
0.01
0.499
0.321
0.027
0.009
0.312
0.058
0.591
0.007
0.444
0.374
0.0
0.001
0.0
0.134
0.361
0.0
0.0
0.107
0.015
0.425
0.391
0.387
0.008
0.353
0.056
0.03
0.42
0.027
0.313
0.019
0.527
0.712
0.023
0.022
0.005
0.007
0.177
0.171
0.329
0.343
0.009
0.025
0.008
0.043
0.0
0.167
0.166
0.017
0.0
0.236
0.02
0.037
0.477
0.185
0.27
0.0
0.008
0.004
0.235
0.06
0.24
0.396
0.014
0.02
0.146
0.0
0.0
0.006
0.387
0.353
0.374
0.0
0.297
0.006
0.286
0.001
0.366
0.017
0.065
0.316
0.013
0.355
0.017
0.015
0.225
0.254
0.021
0.003
0.006
0.0
0.0
0.002
0.0
0.322
0.0
0.578
0.005
0.317
0.303
0.012
0.0
0.462
0.271
0.0
0.005
0.023
0.275
0.014
0.0
0.004
0.018
0.613
0.772
0.821
0.353
0.028
0.024
0.001
0.362
0.264
0.422
0.0
0.321
0.216
0.413
0.541
0.0
0.007
0.412
0.012
0.383
0.002
0.306
0.363
0.008
0.398
0.218
0.51
0.545
0.269
0.005
0.008
0.021
0.239
0.207
0.407
0.013
0.324
0.017
0.717
0.336
0.47
0.0
0.325
0.65
0.076
0.335
0.0
0.043
0.488
0.007
0.002
0.007
0.269
0.001
0.023
0.165
0.465
0.105
0.022
0.531
0.248
0.56
0.604
0.008
0.492
0.664
0.001
0.004
0.005
0.327
0.311
0.376
0.023
0.0
0.629
0.0
0.239
0.348
0.491
0.0
0.291
0.006
0.517
0.115
0.502
0.0
0.005
0.51
0.244
0.311
0.493
0.038
0.0
0.399
0.32
0.375
0.024
0.519
0.497
0.031
0.416
0.0
0.37
0.231
0.0
0.385
0.102
0.367
0.0
0.539
0.559
0.915
0.008
0.419
0.476
0.34
0.662
0.408
0.022
0.389
0.009
0.0
0.009
0.364
0.464
0.184
0.001
0.007
0.029
0.032
0.005
0.189
0.012
0.0
0.025
0.007
0.392
0.009
0.0
0.247
0.28
0.303
0.26
0.274
0.041
0.202
0.0
0.014
0.304
0.007
0.351
0.024
0.296
0.494
0.051
0.475
0.038
0.032
0.427
0.381
0.752
0.261
0.576
0.018
0.007
0.465
0.006
0.02
0.014
0.448
0.325
0.065
0.402
0.541
0.011
0.0
0.002
0.403
0.257
0.318
0.052
0.525
0.0
0.524
0.046
0.066
0.017
0.008
0.234
0.002
0.478
0.018
0.342
0.0
0.015
0.023
0.04
0.396
0.012
0.296
0.032
0.008
0.723
0.0
0.484
0.658
0.021
0.038
0.097
0.445
0.368
0.523
0.008
0.02
0.522
0.195
0.0
0.007
0.596
0.306
0.843
0.412
0.025
0.475
0.478
0.012
0.44
0.009
0.476
0.027
0.018
0.534
0.234
0.523
0.458
0.0
0.332
0.003
0.0
0.766
0.04
0.001
0.406
0.071
0.001
0.334
0.042
0.03
0.024
0.0
0.341
0.741
0.445
0.001
0.52
0.023
0.887
0.019
0.022
0.297
0.139
0.006
0.012
0.029
0.004
0.005
0.041
0.001
0.443
0.026
0.03
0.646
0.614
0.21
0.001
0.007
0.007
0.312
0.022
0.018
0.413
0.01
0.271
0.014
0.425
0.285
0.431
0.381
0.171
0.421
0.007
0.265
0.429
0.0
0.007
0.516
0.001
0.007
0.632
0.467
0.071
0.031
0.193
0.532
0.594
0.289
0.576
0.107
0.099
0.444
0.585
0.011
0.452
0.006
0.008
0.0
0.037
0.002
0.034
0.011
0.325
0.004
0.628
0.008
0.61
0.001
0.0
0.013
0.364
0.013
0.022
0.033
0.848
0.0
0.001
0.0
0.454
0.229
0.0
0.477
0.675
0.318
0.031
0.004
0.3
0.013
0.124
0.002
0.005
0.423
0.474
0.004
0.401
0.0
0.272
0.278
0.293
0.399
0.211
0.029
0.289
0.0
0.756
0.646
0.349
0.016
0.447
0.0
0.007
0.311
0.033
0.374
0.22
0.399
0.0
0.566
0.117
0.42
0.007
0.009
0.355
0.317
0.007
0.014
0.018
0.027
0.552
0.0
0.014
0.0
0.501
0.0
0.003
0.582
0.441
0.466
0.003
0.391
0.021
0.365
0.178
0.014
0.015
0.425
0.157
0.006
0.0
0.002
0.216
0.462
0.36
0.0
0.562
0.131
0.012
0.004
0.004
0.0
0.054
0.015
0.395
0.001
0.001
0.581
0.462
0.492
0.322
0.113
0.0
0.001
0.131
0.0
0.015
0.007
0.002
0.197
0.006
0.009
0.0
0.002
0.012
0.004
0.221
0.016
0.318
0.0
0.135
0.337
0.0
0.026
0.789
0.489
0.004
0.275
0.004
0.004
0.003
0.016
0.03
0.0
0.0
0.628
0.003
0.185
0.05
0.294
0.23
0.384
0.52
0.0
0.234
0.0
0.028
0.001
0.168
0.032
0.027
0.413
0.286
0.36
0.386
0.303
0.686
0.023
0.742
0.074
0.664
0.249
0.343
0.259
0.008
0.216
0.008
0.593
0.028
0.061
0.399
0.003
0.159
0.0
0.006
0.018
0.013
0.013
0.206
0.279
0.018
0.006
0.531
0.002
0.302
0.75
0.164
0.472
0.16
0.001
0.007
0.032
0.012
0.008
0.007
0.306
0.0
0.183
0.007
0.018
0.0
0.008
0.024
0.007
0.533
0.0
0.012
0.011
0.001
0.005
0.364
0.04
0.0
0.005
0.128
0.463
0.0
0.38
0.489
0.521
0.035
0.017
0.316
0.273
0.147
0.023
0.0
0.557
0.022
0.011
0.031
0.006
0.904
0.0
0.46
0.023
0.542
0.277
0.397
0.106
0.017
0.002
0.526
0.008
0.573
0.198
0.0
0.017
0.019
0.653
0.005
0.002
0.002
0.014
0.547
0.035
0.034
0.025
0.0
0.176
0.005
0.442
0.493
0.002
0.347
0.408
0.023
0.314
0.301
0.36
0.277
0.015
0.541
0.01
0.014
0.156
0.004
0.452
0.0
0.557
0.501
0.0
0.01
0.42
0.002
0.673
0.469
0.016
0.655
0.022
0.505
0.016
0.338
0.001
0.304
0.013
0.728
0.503
0.178
0.518
0.475
0.0
0.022
0.036
0.007
0.095
0.002
0.038
0.017
0.354
0.287
0.31
0.017
0.018
0.469
0.002
0.335
0.0
0.498
0.292
0.065
0.015
0.137
0.525
0.0
0.017
0.084
0.009
0.335
0.448
0.006
0.573
0.024
0.012
0.005
0.003
0.015
0.425
0.608
0.309
0.458
0.163
0.009
0.644
0.0
0.341
0.0
0.289
0.862
0.23
0.655
0.389
0.0
0.0
0.03
0.087
0.008
0.013
0.023
0.513
0.127
0.023
0.951
0.244
0.564
0.513
0.199
0.023
0.0
0.0
0.0
0.225
0.732
0.503
0.159
0.301
0.289
0.59
0.758
0.284
0.012
0.0
0.364
0.015
0.018
0.239
0.754
0.0
0.518
0.004
0.0
0.0
0.013
0.214
0.533
0.516
0.641
0.02
0.426
0.427
0.001
0.37
0.0
0.061
0.371
0.105
0.394
0.014
0.012
0.296
0.697
0.0
0.013
0.016
0.714
0.709
0.001
0.371
0.026
0.701
0.165
0.061
0.287
0.0
0.546
0.0
0.0
0.437
0.002
0.0
0.565
0.418
0.676
0.476
0.0
0.019
0.512
0.409
0.446
0.548
0.282
0.433
0.605
0.015
0.148
0.351
0.029
0.135
0.009
0.587
0.003
0.429
0.007
0.403
0.023
0.008
0.021
0.009
0.295
0.026
0.0
0.288
0.0
0.159
0.038
0.102
0.025
0.309
0.677
0.529
0.421
0.005
0.005
0.311
0.133
0.377
0.485
0.005
0.017
0.338
0.47
0.388
0.0
0.346
0.054
0.334
0.01
0.177
0.166
0.321
0.009
0.661
0.007
0.345
0.453
0.004
0.808
0.004
0.225
0.002
0.226
0.138
0.058
0.001
0.015
0.0
0.0
0.348
0.368
0.1
0.296
0.02
0.074
0.45
0.066
0.033
0.144
0.343
0.276
0.0
0.442
0.0
0.007
0.237
0.019
0.0
0.268
0.013
0.0
0.0
0.0
0.045
0.0
0.009
0.371
0.008
0.183
0.142
0.516
0.597
0.269
0.002
0.029
0.153
0.534
0.045
0.022
0.614
0.041
0.0
0.029
0.018
0.014
0.016
0.003
0.198
0.006
0.023
0.012
0.0
0.343
0.003
0.0
0.3
0.0
0.267
0.0
0.533
0.308
0.348
0.239
0.221
0.046
0.593
0.796
0.004
0.011
0.002
0.0
0.007
0.004
0.041
0.022
0.017
0.151
0.001
0.0
0.451
0.001
0.004
0.013
0.032
0.443
0.617
0.026
0.254
0.187
0.246
0.027
0.014
0.005
0.481
0.116
0.0
0.473
0.269
0.0
0.462
0.596
0.003
0.383
0.012
0.087
0.462
0.364
0.005
0.03
0.011
0.574
0.366
0.02
0.004
0.004
0.507
0.192
0.175
0.311
0.019
0.452
0.0
0.318
0.465
0.442
0.138
0.013
0.058
0.578
0.005
0.147
0.006
0.004
0.017
0.537
0.756
0.007
0.0
0.483
0.513
0.618
0.029
0.242
0.497
0.69
0.413
0.028
0.441
0.003
0.33
0.006
0.009
0.012
0.0
0.011
0.798
0.0
0.009
0.428
0.65
0.606
0.0
0.032
0.0
0.0
0.395
0.0
0.003
0.083
0.509
0.488
0.022
0.122
0.011
0.201
0.043
0.119
0.012
0.023
0.057
0.009
0.019
0.013
0.426
0.411
0.893
0.002
0.423
0.012
0.504
0.605
0.407
0.012
0.006
0.202
0.023
0.585
0.008
0.132
0.56
0.018
0.643
0.473
0.317
0.011
0.521
0.0
0.372
0.0
0.003
0.0
0.002
0.371
0.128
0.0
0.032
0.004
0.495
0.265
0.586
0.042
0.335
0.0
0.292
0.496
0.005
0.006
0.0
0.023
0.667
0.012
0.024
0.119
0.344
0.012
0.493
0.578
0.035
0.113
0.325
0.005
0.011
0.018
0.356
0.005
0.237
0.001
0.008
0.008
0.594
0.049
0.046
0.04
0.019
0.505
0.004
0.235
0.74
0.06
0.001
0.0
0.425
0.006
0.615
0.007
0.031
0.665
0.539
0.0
0.0
0.715
0.472
0.81
0.013
0.528
0.0
0.409
0.004
0.176
0.623
0.139
0.022
0.614
0.341
0.609
0.002
0.281
0.004
0.004
0.363
0.162
0.02
0.0
0.143
0.001
0.36
0.002
0.003
0.275
0.511
0.409
0.013
0.735
0.006
0.006
0.546
0.0
0.006
0.006
0.281
0.006
0.013
0.048
0.02
0.511
0.135
0.0
0.899
0.0
0.006
0.019
0.519
0.578
0.297
0.0
0.189
0.024
0.002
0.037
0.0
0.344
0.148
0.009
0.004
0.294
0.019
0.011
0.235
0.016
0.004
0.757
0.388
0.0
0.513
0.635
0.457
0.0
0.0
0.0
0.277
0.603
0.011
0.33
0.019
0.017
0.016
0.384
0.024
0.209
0.526
0.01
0.003
0.064
0.03
0.0
0.005
0.19
0.0
0.0
0.022
0.056
0.471
0.296
0.484
0.489
0.009
0.21
0.04
0.35
0.707
0.011
0.03
0.7
0.008
0.0
0.33
0.122
0.531
0.0
0.502
0.007
0.113
0.403
0.31
0.002
0.013
0.589
0.25
0.054
0.0
0.487
0.008
0.018
0.06
0.588
0.028
0.0
0.759
0.697
0.1
0.003
0.0
0.107
0.231
0.0
0.027
0.149
0.017
0.435
0.0
0.182
0.748
0.0
0.034
0.254
0.248
0.057
0.181
0.356
0.324
0.689
0.372
0.0
0.507
0.0
0.105
0.038
0.39
0.008
0.0
0.414
0.313
0.496
0.667
0.003
0.0
0.253
0.367
0.779
0.038
0.01
0.258
0.0
0.004
0.019
0.551
0.092
0.411
0.1
0.012
0.004
0.016
0.24
0.022
0.005
0.017
0.521
0.232
0.167
0.32
0.037
0.015
0.566
0.289
0.701
0.223
0.376
0.0
0.397
0.065
0.063
0.0
0.015
0.025
0.023
0.446
0.008
0.247
0.008
0.0
0.008
0.394
0.002
0.088
0.592
0.026
0.0
0.453
0.555
0.019
0.011
0.172
0.491
0.013
0.006
0.028
0.024
0.005
0.111
0.613
0.481
0.044
0.0
0.521
0.003
0.0
0.297
0.0
0.516
0.013
0.014
0.0
0.352
0.02
0.444
0.511
0.003
0.0
0.589
0.025
0.006
0.001
0.506
0.053
0.541
0.0
0.0
0.43
0.01
0.0
0.002
0.252
0.004
0.221
0.274
0.068
0.383
0.156
0.007
0.169
0.311
0.012
0.0
0.232
0.008
0.346
0.529
0.032
0.519
0.001
0.35
0.003
0.215
0.514
0.009
0.001
0.0
0.334
0.03
0.38
0.0
0.0
0.029
0.032
0.0
0.521
0.667
0.005
0.002
0.022
0.292
0.004
0.008
0.219
0.128
0.36
0.308
0.0
0.606
0.012
0.752
0.016
0.028
0.456
0.242
0.177
0.091
0.383
0.0
0.407
0.673
0.358
0.007
0.059
0.0
0.254
0.016
0.6
0.402
0.335
0.053
0.019
0.023
0.035
0.469
0.005
0.001
0.024
0.013
0.339
0.56
0.0
0.151
0.283
0.0
0.011
0.01
0.578
0.579
0.014
0.0
0.469
0.326
0.319
0.32
0.527
0.366
0.605
0.517
0.006
0.0
0.002
0.544
0.0
0.0
0.344
0.267
0.242
0.574
0.002
0.161
0.008
[Finished in 6.6s]