[start]
0.113
0.0
0.042
0.036
0.521
0.013
0.25
0.026
0.089
0.014
0.042
0.068
0.294
0.0
0.013
0.75
0.02
0.104
0.006
0.079
0.037
0.122
0.125
0.061
0.133
0.121
0.015
0.006
0.125
0.019
0.0
0.271
0.011
0.062
0.212
0.038
0.103
0.113
0.0
0.018
0.386
0.085
0.063
0.029
0.038
0.003
0.087
0.0
0.179
0.0
0.005
0.0
0.011
0.084
0.0
0.007
0.059
0.068
0.016
0.0
0.023
0.441
0.028
0.0
0.0
0.039
0.028
0.031
0.006
0.006
0.391
0.0
0.0
0.0
0.033
0.066
0.222
0.0
0.016
0.08
0.046
0.026
0.348
0.031
0.034
0.008
0.019
0.109
0.375
0.0
0.0
0.019
0.137
0.088
0.048
0.006
0.042
0.0
0.085
0.102
0.011
0.016
0.0
0.133
0.243
0.119
0.6
0.046
0.0
0.115
0.0
0.0
0.262
0.148
0.0
0.004
0.0
0.1
0.206
0.0
0.423
0.019
0.013
0.017
0.0
0.008
0.008
0.031
0.0
0.306
0.0
0.106
0.066
0.013
0.019
0.135
0.054
0.339
0.0
0.084
0.241
0.122
0.16
0.253
0.0
0.0
0.0
0.07
0.025
0.105
0.0
0.0
0.055
0.0
0.0
0.0
0.545
0.0
0.0
0.179
0.2
0.0
0.095
0.113
0.031
0.0
0.01
0.0
0.0
0.0
0.18
0.011
0.051
0.0
0.0
0.093
0.438
0.0
0.156
0.632
0.06
0.051
0.099
0.0
0.0
0.294
0.0
0.0
0.071
0.0
0.075
0.15
0.007
0.01
0.104
0.066
0.007
0.136
0.0
0.0
0.017
0.03
0.189
0.162
0.013
0.062
0.417
0.012
0.0
0.103
0.071
0.176
0.129
0.239
0.061
0.0
0.085
0.619
0.389
0.118
0.0
0.113
0.194
0.0
0.615
0.0
0.091
0.009
0.021
0.0
0.023
0.0
0.0
0.027
0.0
0.173
0.0
0.007
0.0
0.429
0.0
0.044
0.053
0.007
0.023
0.01
0.009
0.086
0.146
0.006
0.528
0.3
0.016
0.007
0.03
0.011
0.109
0.104
0.053
0.115
0.008
0.118
0.121
0.0
0.003
0.0
0.145
0.028
0.013
0.149
0.021
0.269
0.148
0.0
0.084
0.0
0.143
0.109
0.087
0.212
0.0
0.136
0.115
0.0
0.0
0.014
0.129
0.092
0.0
0.043
0.004
0.042
0.116
0.0
0.0
0.043
0.017
0.101
0.0
0.2
0.122
0.214
0.008
0.0
0.058
0.182
0.016
0.0
0.0
0.0
0.14
0.018
0.086
0.397
0.037
0.152
0.179
0.075
0.108
0.106
0.212
0.018
0.3
0.026
0.0
0.012
0.007
0.034
0.013
0.2
0.106
0.07
0.131
0.018
0.091
0.02
0.537
0.026
0.2
0.149
0.0
0.028
0.226
0.175
0.006
0.115
0.185
0.19
0.0
0.135
0.0
0.079
0.0
0.348
0.139
0.0
0.006
0.0
0.121
0.022
0.0
0.08
0.0
0.0
0.0
0.136
0.09
0.0
0.015
0.121
0.025
0.048
0.025
0.276
0.588
0.006
0.721
0.0
0.185
0.043
0.462
0.0
0.235
0.028
0.171
0.0
0.014
0.182
0.208
0.007
0.014
0.019
0.03
0.0
0.133
0.009
0.533
0.09
0.216
0.013
0.007
0.556
0.095
0.015
0.069
0.0
0.068
0.192
0.0
0.023
0.016
0.122
0.125
0.106
0.0
0.037
0.375
0.361
0.021
0.021
0.024
0.213
0.0
0.185
0.289
0.15
0.472
0.048
0.633
0.162
0.146
0.02
0.067
0.757
0.0
0.029
0.444
0.134
0.328
0.07
0.012
0.021
0.7
0.0
0.013
0.5
0.171
0.062
0.304
0.136
0.098
0.034
0.015
0.206
0.0
0.368
0.0
0.0
0.128
0.0
0.046
0.634
0.0
0.026
0.432
0.35
0.058
0.121
0.106
0.019
0.014
0.13
0.013
0.125
0.222
0.053
0.0
0.009
0.0
0.061
0.039
0.0
0.109
0.034
0.0
0.039
0.002
0.0
0.034
0.04
0.0
0.019
0.107
0.34
0.059
0.0
0.02
0.0
0.066
0.081
0.02
0.028
0.07
0.0
0.115
0.0
0.395
0.18
0.0
0.008
0.049
0.126
0.2
0.064
0.103
0.0
0.0
0.0
0.0
0.0
0.121
0.111
0.236
0.0
0.375
0.03
0.0
0.0
0.102
0.22
0.059
0.154
0.0
0.154
0.0
0.178
0.191
0.013
0.01
0.138
0.065
0.185
0.0
0.05
0.009
0.032
0.0
0.0
0.015
0.042
0.0
0.007
0.116
0.569
0.083
0.03
0.121
0.0
0.231
0.009
0.148
0.015
0.122
0.0
0.041
0.024
0.018
0.149
0.0
0.2
0.057
0.113
0.0
0.0
0.0
0.132
0.048
0.0
0.118
0.179
0.207
0.007
0.026
0.0
0.0
0.021
0.0
0.0
0.0
0.017
0.069
0.333
0.024
0.0
0.002
0.014
0.186
0.029
0.016
0.215
0.294
0.022
0.036
0.006
0.0
0.096
0.023
0.273
0.0
0.036
0.412
0.013
0.018
0.0
0.115
0.097
0.256
0.045
0.0
0.0
0.071
0.02
0.07
0.538
0.074
0.02
0.0
0.139
0.0
0.0
0.132
0.022
0.0
0.005
0.015
0.19
0.026
0.194
0.0
0.562
0.026
0.0
0.0
0.3
0.034
0.739
0.0
0.158
0.016
0.019
0.0
0.0
0.013
0.0
0.282
0.0
0.078
0.042
0.014
0.028
0.0
0.213
0.31
0.3
0.085
0.371
0.667
0.0
0.008
0.029
0.176
0.032
0.0
0.022
0.156
0.02
0.2
0.0
0.129
0.0
0.0
0.024
0.0
0.0
0.052
0.012
0.117
0.0
0.0
0.013
0.014
0.017
0.021
0.0
0.098
0.074
0.006
0.044
0.159
0.0
0.075
0.032
0.04
0.174
0.0
0.031
0.192
0.069
0.05
0.0
0.021
0.0
0.102
0.0
0.146
0.033
0.143
0.025
0.172
0.0
0.026
0.032
0.026
0.027
0.06
0.162
0.031
0.278
0.039
0.0
0.083
0.0
0.07
0.039
0.01
0.028
0.0
0.0
0.133
0.036
0.311
0.0
0.092
0.245
0.011
0.2
0.0
0.035
0.023
0.097
0.008
0.0
0.062
0.072
0.123
0.0
0.094
0.095
0.0
0.118
0.018
0.032
0.059
0.008
0.0
0.077
0.395
0.0
0.0
0.0
0.068
0.028
0.1
0.083
0.325
0.019
0.027
0.122
0.088
0.152
0.03
0.027
0.037
0.0
0.077
0.0
0.0
0.051
0.051
0.193
0.257
0.562
0.176
0.0
0.169
0.035
0.105
0.389
0.131
0.067
0.006
0.042
0.107
0.212
0.0
0.021
0.0
0.133
0.063
0.0
0.14
0.552
0.038
0.025
0.015
0.053
0.143
0.028
0.155
0.0
0.0
0.13
0.12
0.25
0.0
0.219
0.0
0.313
0.261
0.0
0.0
0.36
0.0
0.005
0.0
0.02
0.25
0.012
0.0
0.022
0.073
0.179
0.0
0.082
0.0
0.194
0.034
0.0
0.12
0.036
0.014
0.167
0.0
0.031
0.009
0.0
0.103
0.0
0.262
0.0
0.0
0.025
0.0
0.031
0.167
0.01
0.303
0.219
0.082
0.0
0.224
0.356
0.116
0.5
0.0
0.007
0.0
0.018
0.127
0.009
0.053
0.028
0.0
0.24
0.0
0.188
0.01
0.0
0.073
0.009
0.075
0.07
0.0
0.014
0.154
0.095
0.378
0.236
0.214
0.234
0.098
0.0
0.099
0.046
0.0
0.006
0.043
0.109
0.106
0.053
0.009
0.133
0.027
0.029
0.007
0.121
0.115
0.043
0.0
0.016
0.0
0.0
0.046
0.009
0.032
0.18
0.571
0.069
0.104
0.068
0.038
0.008
0.009
0.0
0.162
0.026
0.005
0.075
0.097
0.023
0.178
0.171
0.0
0.05
0.189
0.033
0.143
0.034
0.615
0.081
0.0
0.0
0.0
0.022
0.037
0.028
0.125
0.325
0.232
0.007
0.005
0.272
0.09
0.192
0.088
0.09
0.0
0.0
0.013
0.079
0.0
0.185
0.167
0.311
0.0
0.405
0.6
0.066
0.0
0.0
0.143
0.012
0.0
0.02
0.133
0.048
0.0
0.051
0.006
0.0
0.154
0.391
0.195
0.006
0.0
0.163
0.067
0.102
0.107
0.046
0.0
0.105
0.005
0.286
0.046
0.018
0.009
0.075
0.008
0.152
0.0
0.189
0.152
0.0
0.0
0.0
0.093
0.062
0.0
0.0
0.105
0.011
0.132
0.07
0.118
0.02
0.067
0.031
0.023
0.123
0.005
0.062
0.024
0.217
0.455
0.0
0.02
0.0
0.014
0.094
0.03
0.087
0.037
0.0
0.037
0.016
0.025
0.0
0.04
0.032
0.016
0.0
0.087
0.021
0.037
0.106
0.018
0.1
0.0
0.009
0.0
0.111
0.027
0.111
0.088
0.018
0.014
0.057
0.0
0.0
0.0
0.227
0.148
0.074
0.0
0.039
0.029
0.075
0.0
0.071
0.012
0.069
0.067
0.0
0.027
0.0
0.0
0.057
0.093
0.028
0.023
0.0
0.0
0.0
0.0
0.0
0.103
0.0
0.185
0.0
0.096
0.071
0.011
0.0
0.025
0.133
0.0
0.01
0.006
0.011
0.027
0.0
0.002
0.029
0.267
0.5
0.765
0.065
0.021
0.007
0.02
0.079
0.059
0.122
0.0
0.097
0.091
0.2
0.25
0.0
0.006
0.069
0.028
0.106
0.0
0.078
0.118
0.0
0.149
0.1
0.133
0.214
0.136
0.0
0.012
0.021
0.027
0.114
0.17
0.0
0.032
0.014
0.535
0.083
0.226
0.0
0.114
0.213
0.011
0.085
0.0
0.042
0.159
0.0
0.0
0.013
0.136
0.0
0.023
0.025
0.159
0.012
0.045
0.023
0.071
0.043
0.394
0.014
0.103
0.455
0.0
0.029
0.012
0.167
0.108
0.118
0.03
0.0
0.211
0.0
0.149
0.133
0.102
0.0
0.172
0.024
0.272
0.056
0.273
0.0
0.0
0.133
0.102
0.066
0.148
0.029
0.0
0.237
0.261
0.094
0.035
0.157
0.333
0.044
0.138
0.0
0.167
0.048
0.0
0.116
0.035
0.206
0.0
0.2
0.268
0.727
0.0
0.062
0.108
0.048
0.2
0.176
0.015
0.19
0.017
0.0
0.016
0.15
0.139
0.077
0.0
0.008
0.039
0.026
0.0
0.095
0.012
0.0
0.018
0.0
0.04
0.018
0.0
0.113
0.097
0.136
0.133
0.09
0.017
0.061
0.0
0.0
0.1
0.008
0.062
0.022
0.082
0.25
0.009
0.161
0.013
0.022
0.222
0.211
0.462
0.149
0.188
0.038
0.0
0.044
0.0
0.005
0.006
0.121
0.19
0.011
0.035
0.471
0.0
0.0
0.0
0.082
0.152
0.143
0.049
0.262
0.0
0.281
0.065
0.023
0.018
0.0
0.026
0.0
0.538
0.024
0.105
0.0
0.0
0.029
0.043
0.122
0.008
0.056
0.03
0.002
0.467
0.0
0.292
0.219
0.02
0.028
0.085
0.125
0.091
0.191
0.005
0.047
0.1
0.062
0.0
0.012
0.2
0.107
0.707
0.197
0.03
0.109
0.19
0.0
0.25
0.0
0.48
0.021
0.033
0.196
0.101
0.129
0.137
0.0
0.037
0.0
0.0
0.25
0.015
0.0
0.186
0.024
0.0
0.196
0.011
0.018
0.01
0.0
0.132
0.318
0.023
0.0
0.094
0.014
0.7
0.031
0.013
0.136
0.024
0.0
0.007
0.019
0.0
0.029
0.055
0.0
0.171
0.039
0.02
0.395
0.35
0.091
0.0
0.0
0.015
0.086
0.03
0.016
0.029
0.0
0.116
0.004
0.151
0.159
0.081
0.075
0.027
0.071
0.0
0.088
0.125
0.0
0.0
0.195
0.0
0.018
0.167
0.323
0.03
0.019
0.048
0.109
0.333
0.074
0.188
0.009
0.082
0.198
0.283
0.0
0.087
0.0
0.0
0.0
0.012
0.006
0.03
0.0
0.227
0.0
0.2
0.0
0.467
0.0
0.0
0.02
0.096
0.018
0.013
0.015
0.5
0.0
0.002
0.0
0.3
0.085
0.0
0.139
0.818
0.077
0.062
0.0
0.107
0.017
0.034
0.0
0.007
0.081
0.099
0.0
0.26
0.0
0.105
0.133
0.097
0.149
0.125
0.002
0.171
0.0
0.48
0.404
0.115
0.02
0.262
0.0
0.014
0.019
0.013
0.121
0.041
0.235
0.0
0.218
0.017
0.128
0.011
0.013
0.222
0.032
0.024
0.029
0.02
0.037
0.05
0.0
0.006
0.0
0.161
0.0
0.0
0.444
0.13
0.129
0.0
0.043
0.016
0.077
0.019
0.01
0.051
0.162
0.011
0.0
0.0
0.0
0.065
0.311
0.107
0.0
0.189
0.042
0.0
0.0
0.0
0.0
0.087
0.022
0.132
0.014
0.0
0.191
0.143
0.19
0.053
0.012
0.0
0.0
0.009
0.0
0.011
0.008
0.0
0.036
0.017
0.0
0.0
0.0
0.007
0.033
0.099
0.0
0.128
0.0
0.08
0.085
0.0
0.005
0.424
0.109
0.0
0.065
0.01
0.016
0.0
0.017
0.036
0.0
0.0
0.034
0.0
0.032
0.023
0.091
0.074
0.175
0.159
0.0
0.132
0.0
0.044
0.0
0.013
0.044
0.034
0.094
0.108
0.216
0.188
0.094
0.5
0.019
0.385
0.033
0.308
0.208
0.143
0.112
0.0
0.065
0.015
0.205
0.017
0.036
0.149
0.0
0.051
0.0
0.0
0.004
0.0
0.0
0.048
0.074
0.028
0.0
0.283
0.0
0.111
0.365
0.028
0.222
0.06
0.0
0.0
0.025
0.0
0.019
0.015
0.087
0.0
0.019
0.011
0.018
0.0
0.014
0.06
0.005
0.021
0.0
0.02
0.008
0.0
0.0
0.013
0.143
0.0
0.0
0.009
0.086
0.0
0.011
0.254
0.031
0.018
0.021
0.033
0.1
0.035
0.045
0.0
0.25
0.014
0.023
0.01
0.0
0.677
0.0
0.197
0.042
0.069
0.115
0.048
0.064
0.0
0.0
0.044
0.011
0.333
0.134
0.0
0.006
0.02
0.364
0.0
0.029
0.0
0.027
0.5
0.012
0.029
0.031
0.0
0.05
0.006
0.094
0.247
0.0
0.163
0.147
0.013
0.1
0.025
0.092
0.031
0.054
0.12
0.0
0.015
0.026
0.005
0.059
0.0
0.195
0.286
0.0
0.004
0.082
0.0
0.194
0.054
0.006
0.256
0.014
0.133
0.014
0.155
0.0
0.136
0.029
0.453
0.148
0.062
0.109
0.099
0.0
0.013
0.012
0.011
0.087
0.0
0.012
0.011
0.18
0.133
0.121
0.005
0.025
0.042
0.0
0.158
0.0
0.154
0.105
0.011
0.012
0.052
0.338
0.0
0.0
0.014
0.033
0.122
0.071
0.021
0.29
0.031
0.017
0.029
0.01
0.012
0.089
0.294
0.074
0.103
0.074
0.01
0.175
0.0
0.096
0.0
0.075
0.548
0.118
0.321
0.269
0.0
0.0
0.022
0.036
0.016
0.013
0.017
0.032
0.021
0.016
0.714
0.174
0.266
0.15
0.057
0.027
0.0
0.0
0.0
0.138
0.333
0.204
0.051
0.06
0.101
0.283
0.368
[Finished in 5.5s]