[start]
0.442
0.0
0.301
0.165
0.835
0.007
0.76
0.005
0.236
0.004
0.118
0.127
0.399
0.0
0.019
0.885
0.026
0.202
0.002
0.095
0.012
0.481
0.421
0.449
0.52
0.38
0.01
0.0
0.318
0.01
0.0
0.529
0.004
0.17
0.693
0.192
0.317
0.224
0.0
0.003
0.677
0.532
0.174
0.167
0.031
0.012
0.302
0.0
0.347
0.0
0.003
0.0
0.005
0.348
0.0
0.007
0.031
0.036
0.007
0.0
0.103
0.76
0.296
0.0
0.0
0.231
0.052
0.016
0.003
0.009
0.544
0.0
0.0
0.0
0.304
0.428
0.266
0.0
0.143
0.12
0.088
0.435
0.701
0.481
0.009
0.002
0.006
0.328
0.431
0.0
0.0
0.009
0.259
0.397
0.301
0.001
0.246
0.0
0.152
0.376
0.012
0.006
0.0
0.33
0.419
0.119
0.823
0.178
0.0
0.311
0.0
0.0
0.512
0.463
0.0
0.016
0.0
0.127
0.498
0.0
0.693
0.009
0.005
0.004
0.0
0.019
0.003
0.01
0.0
0.667
0.0
0.24
0.186
0.005
0.006
0.385
0.4
0.665
0.0
0.536
0.458
0.354
0.38
0.471
0.0
0.0
0.0
0.44
0.46
0.38
0.0
0.0
0.394
0.0
0.0
0.0
0.633
0.0
0.0
0.605
0.528
0.0
0.417
0.203
0.137
0.0
0.002
0.0
0.0
0.0
0.512
0.005
0.037
0.0
0.0
0.423
0.678
0.0
0.378
0.768
0.187
0.162
0.166
0.0
0.0
0.676
0.0
0.0
0.191
0.0
0.214
0.238
0.004
0.002
0.253
0.599
0.002
0.599
0.0
0.0
0.005
0.025
0.363
0.397
0.014
0.403
0.494
0.01
0.0
0.436
0.316
0.263
0.535
0.632
0.251
0.0
0.094
0.87
0.686
0.368
0.0
0.523
0.456
0.0
0.591
0.0
0.317
0.015
0.006
0.0
0.063
0.0
0.0
0.172
0.0
0.316
0.0
0.007
0.0
0.557
0.0
0.578
0.372
0.003
0.074
0.008
0.006
0.534
0.344
0.002
0.692
0.385
0.001
0.005
0.392
0.02
0.284
0.142
0.317
0.319
0.009
0.346
0.554
0.0
0.0
0.0
0.341
0.029
0.031
0.532
0.004
0.522
0.296
0.0
0.293
0.0
0.544
0.341
0.213
0.508
0.0
0.319
0.319
0.0
0.0
0.003
0.324
0.196
0.0
0.423
0.003
0.016
0.426
0.0
0.0
0.117
0.017
0.379
0.0
0.425
0.405
0.484
0.023
0.0
0.32
0.156
0.001
0.0
0.0
0.0
0.248
0.121
0.481
0.669
0.009
0.482
0.536
0.341
0.364
0.447
0.519
0.012
0.598
0.005
0.0
0.027
0.006
0.005
0.003
0.331
0.175
0.419
0.465
0.047
0.486
0.022
0.649
0.041
0.671
0.501
0.0
0.305
0.409
0.484
0.004
0.138
0.559
0.424
0.0
0.376
0.0
0.222
0.0
0.857
0.339
0.0
0.007
0.0
0.308
0.011
0.0
0.549
0.0
0.0
0.0
0.34
0.356
0.0
0.441
0.502
0.145
0.126
0.457
0.576
0.76
0.008
0.907
0.0
0.453
0.035
0.819
0.0
0.723
0.02
0.387
0.0
0.001
0.644
0.662
0.01
0.139
0.014
0.361
0.0
0.33
0.001
0.78
0.35
0.417
0.004
0.003
0.737
0.072
0.011
0.182
0.0
0.478
0.383
0.0
0.003
0.003
0.473
0.376
0.24
0.0
0.018
0.474
0.623
0.031
0.037
0.044
0.507
0.0
0.542
0.443
0.346
0.757
0.095
0.763
0.45
0.314
0.097
0.408
0.821
0.0
0.11
0.552
0.302
0.728
0.32
0.005
0.002
0.795
0.0
0.005
0.776
0.425
0.183
0.479
0.272
0.629
0.008
0.016
0.312
0.0
0.735
0.0
0.0
0.418
0.0
0.408
0.693
0.0
0.003
0.52
0.506
0.209
0.352
0.441
0.001
0.007
0.48
0.02
0.284
0.767
0.128
0.0
0.005
0.0
0.097
0.062
0.0
0.194
0.002
0.0
0.008
0.002
0.0
0.182
0.192
0.0
0.01
0.445
0.534
0.097
0.0
0.191
0.0
0.55
0.195
0.006
0.149
0.32
0.0
0.333
0.0
0.6
0.362
0.0
0.005
0.25
0.53
0.571
0.233
0.36
0.0
0.0
0.0
0.0
0.0
0.351
0.451
0.624
0.0
0.737
0.014
0.0
0.0
0.267
0.636
0.446
0.448
0.0
0.61
0.0
0.52
0.366
0.151
0.016
0.347
0.295
0.541
0.0
0.281
0.014
0.177
0.0
0.0
0.02
0.042
0.0
0.003
0.426
0.847
0.099
0.15
0.384
0.0
0.309
0.304
0.426
0.027
0.382
0.0
0.049
0.462
0.045
0.431
0.0
0.589
0.049
0.523
0.0
0.0
0.0
0.531
0.181
0.0
0.382
0.341
0.363
0.004
0.188
0.0
0.0
0.012
0.0
0.0
0.0
0.012
0.301
0.639
0.071
0.0
0.001
0.002
0.372
0.317
0.035
0.518
0.566
0.017
0.384
0.006
0.0
0.441
0.013
0.417
0.0
0.061
0.604
0.008
0.009
0.0
0.319
0.37
0.378
0.063
0.0
0.0
0.329
0.028
0.193
0.692
0.34
0.118
0.0
0.472
0.0
0.0
0.268
0.002
0.0
0.003
0.005
0.377
0.004
0.44
0.0
0.823
0.009
0.0
0.0
0.578
0.256
0.825
0.0
0.393
0.008
0.008
0.0
0.0
0.026
0.0
0.45
0.0
0.104
0.151
0.027
0.03
0.0
0.441
0.499
0.763
0.442
0.559
0.706
0.0
0.007
0.037
0.429
0.017
0.0
0.025
0.447
0.007
0.367
0.0
0.544
0.0
0.0
0.232
0.0
0.0
0.285
0.004
0.474
0.0
0.0
0.005
0.008
0.169
0.007
0.0
0.304
0.529
0.007
0.046
0.41
0.0
0.443
0.023
0.038
0.508
0.0
0.007
0.578
0.461
0.337
0.0
0.001
0.0
0.338
0.0
0.415
0.011
0.458
0.021
0.478
0.0
0.013
0.467
0.026
0.201
0.293
0.611
0.188
0.606
0.042
0.0
0.132
0.0
0.32
0.268
0.007
0.164
0.0
0.0
0.424
0.009
0.462
0.0
0.386
0.446
0.001
0.44
0.0
0.016
0.012
0.503
0.003
0.0
0.2
0.364
0.312
0.0
0.112
0.352
0.0
0.283
0.017
0.015
0.057
0.018
0.0
0.377
0.866
0.0
0.0
0.0
0.121
0.15
0.533
0.432
0.415
0.005
0.02
0.304
0.227
0.556
0.168
0.029
0.012
0.0
0.322
0.0
0.0
0.019
0.475
0.403
0.451
0.725
0.533
0.0
0.27
0.042
0.306
0.806
0.284
0.217
0.002
0.433
0.495
0.391
0.0
0.006
0.0
0.524
0.275
0.0
0.225
0.709
0.016
0.016
0.006
0.038
0.308
0.586
0.527
0.0
0.0
0.164
0.266
0.422
0.0
0.584
0.0
0.456
0.618
0.0
0.0
0.682
0.0
0.004
0.0
0.01
0.696
0.022
0.0
0.407
0.459
0.39
0.0
0.267
0.0
0.555
0.331
0.0
0.538
0.018
0.038
0.494
0.0
0.176
0.004
0.0
0.419
0.0
0.686
0.0
0.0
0.006
0.0
0.352
0.58
0.006
0.703
0.479
0.427
0.0
0.367
0.45
0.278
0.584
0.0
0.001
0.0
0.027
0.384
0.004
0.486
0.015
0.0
0.572
0.0
0.378
0.016
0.0
0.234
0.001
0.222
0.218
0.0
0.134
0.388
0.264
0.52
0.426
0.508
0.286
0.197
0.0
0.232
0.279
0.0
0.002
0.325
0.495
0.35
0.463
0.007
0.508
0.005
0.013
0.014
0.412
0.319
0.096
0.0
0.012
0.0
0.0
0.439
0.004
0.279
0.362
0.81
0.361
0.428
0.219
0.004
0.005
0.006
0.0
0.409
0.005
0.006
0.615
0.193
0.008
0.388
0.34
0.0
0.216
0.379
0.423
0.622
0.12
0.788
0.221
0.0
0.0
0.0
0.015
0.303
0.299
0.141
0.709
0.632
0.016
0.003
0.697
0.365
0.561
0.375
0.22
0.0
0.0
0.005
0.409
0.0
0.392
0.303
0.462
0.0
0.768
0.814
0.456
0.0
0.0
0.407
0.001
0.0
0.11
0.338
0.078
0.0
0.162
0.004
0.0
0.625
0.808
0.468
0.003
0.0
0.341
0.152
0.459
0.539
0.307
0.0
0.405
0.004
0.516
0.334
0.023
0.005
0.324
0.01
0.597
0.0
0.441
0.384
0.0
0.0
0.0
0.135
0.386
0.0
0.0
0.111
0.006
0.427
0.404
0.4
0.008
0.359
0.028
0.015
0.424
0.009
0.319
0.018
0.53
0.712
0.0
0.009
0.0
0.005
0.183
0.171
0.338
0.366
0.0
0.014
0.008
0.024
0.0
0.192
0.173
0.016
0.0
0.236
0.014
0.038
0.48
0.185
0.268
0.0
0.007
0.0
0.241
0.037
0.238
0.4
0.014
0.004
0.141
0.0
0.0
0.0
0.387
0.363
0.385
0.0
0.304
0.006
0.294
0.0
0.374
0.011
0.064
0.322
0.0
0.387
0.0
0.0
0.224
0.248
0.013
0.003
0.0
0.0
0.0
0.0
0.0
0.327
0.0
0.599
0.0
0.326
0.306
0.001
0.0
0.456
0.276
0.0
0.002
0.014
0.286
0.006
0.0
0.001
0.016
0.61
0.774
0.814
0.358
0.017
0.014
0.001
0.376
0.251
0.437
0.0
0.322
0.217
0.412
0.551
0.0
0.003
0.452
0.004
0.393
0.0
0.321
0.363
0.0
0.409
0.224
0.524
0.558
0.272
0.0
0.007
0.014
0.271
0.218
0.408
0.0
0.328
0.018
0.706
0.339
0.455
0.0
0.346
0.654
0.053
0.335
0.0
0.035
0.491
0.0
0.0
0.002
0.272
0.0
0.013
0.128
0.476
0.105
0.022
0.537
0.251
0.574
0.61
0.001
0.496
0.675
0.0
0.001
0.0
0.334
0.325
0.377
0.014
0.0
0.646
0.0
0.246
0.344
0.497
0.0
0.292
0.006
0.517
0.103
0.502
0.0
0.0
0.524
0.248
0.321
0.502
0.026
0.0
0.395
0.32
0.379
0.025
0.513
0.504
0.023
0.422
0.0
0.383
0.145
0.0
0.416
0.098
0.368
0.0
0.482
0.576
0.913
0.0
0.422
0.489
0.343
0.67
0.425
0.001
0.388
0.008
0.0
0.005
0.346
0.426
0.182
0.0
0.002
0.026
0.018
0.0
0.192
0.006
0.0
0.026
0.0
0.408
0.004
0.0
0.251
0.275
0.289
0.261
0.283
0.039
0.191
0.0
0.0
0.311
0.001
0.363
0.011
0.308
0.5
0.036
0.487
0.003
0.028
0.429
0.383
0.726
0.263
0.582
0.016
0.0
0.454
0.0
0.002
0.007
0.444
0.33
0.068
0.414
0.539
0.0
0.0
0.0
0.414
0.266
0.324
0.054
0.516
0.0
0.529
0.047
0.056
0.012
0.0
0.243
0.0
0.471
0.013
0.359
0.0
0.0
0.014
0.04
0.401
0.002
0.31
0.032
0.008
0.733
0.0
0.478
0.681
0.013
0.02
0.073
0.45
0.383
0.527
0.003
0.015
0.528
0.204
0.0
0.004
0.602
0.291
0.839
0.421
0.015
0.495
0.486
0.0
0.452
0.0
0.476
0.027
0.01
0.538
0.235
0.529
0.463
0.0
0.348
0.0
0.0
0.771
0.029
0.0
0.414
0.041
0.0
0.346
0.011
0.021
0.011
0.0
0.358
0.748
0.455
0.0
0.537
0.008
0.887
0.015
0.014
0.297
0.131
0.0
0.002
0.021
0.0
0.005
0.033
0.0
0.428
0.017
0.025
0.672
0.621
0.212
0.0
0.0
0.002
0.317
0.016
0.008
0.438
0.0
0.281
0.001
0.396
0.288
0.428
0.396
0.176
0.435
0.0
0.27
0.414
0.0
0.0
0.518
0.0
0.001
0.644
0.469
0.05
0.018
0.205
0.536
0.595
0.293
0.582
0.077
0.104
0.45
0.597
0.0
0.463
0.0
0.0
0.0
0.009
0.001
0.036
0.0
0.326
0.0
0.654
0.0
0.606
0.0
0.0
0.014
0.382
0.003
0.008
0.028
0.848
0.0
0.002
0.0
0.455
0.235
0.0
0.47
0.673
0.332
0.027
0.0
0.316
0.01
0.131
0.0
0.002
0.446
0.48
0.0
0.4
0.0
0.281
0.281
0.249
0.431
0.222
0.005
0.291
0.0
0.756
0.642
0.359
0.01
0.432
0.0
0.004
0.321
0.011
0.391
0.222
0.403
0.0
0.591
0.113
0.424
0.004
0.003
0.36
0.326
0.005
0.014
0.019
0.026
0.573
0.0
0.015
0.0
0.511
0.0
0.0
0.582
0.444
0.482
0.0
0.409
0.016
0.375
0.179
0.008
0.011
0.434
0.182
0.0
0.0
0.0
0.224
0.462
0.361
0.0
0.567
0.126
0.0
0.0
0.0
0.0
0.054
0.003
0.414
0.001
0.0
0.581
0.456
0.501
0.335
0.075
0.0
0.0
0.137
0.0
0.012
0.001
0.0
0.196
0.004
0.0
0.0
0.0
0.013
0.005
0.222
0.0
0.323
0.0
0.131
0.336
0.0
0.003
0.795
0.497
0.0
0.271
0.004
0.002
0.0
0.005
0.022
0.0
0.0
0.653
0.0
0.188
0.04
0.303
0.236
0.389
0.533
0.0
0.246
0.0
0.024
0.0
0.16
0.019
0.022
0.42
0.294
0.375
0.397
0.305
0.678
0.011
0.733
0.06
0.67
0.249
0.368
0.261
0.0
0.224
0.002
0.601
0.009
0.066
0.431
0.0
0.162
0.0
0.0
0.001
0.0
0.0
0.209
0.297
0.011
0.0
0.552
0.0
0.311
0.756
0.163
0.466
0.164
0.0
0.0
0.029
0.0
0.006
0.002
0.319
0.0
0.186
0.002
0.011
0.0
0.003
0.018
0.007
0.54
0.0
0.005
0.004
0.0
0.0
0.376
0.02
0.0
0.0
0.139
0.469
0.0
0.395
0.489
0.495
0.029
0.008
0.335
0.279
0.151
0.023
0.0
0.577
0.008
0.011
0.02
0.0
0.913
0.0
0.466
0.022
0.558
0.278
0.416
0.11
0.0
0.0
0.548
0.009
0.47
0.197
0.0
0.005
0.006
0.667
0.0
0.002
0.0
0.015
0.547
0.014
0.026
0.02
0.0
0.179
0.0
0.47
0.494
0.0
0.37
0.41
0.012
0.318
0.326
0.371
0.308
0.015
0.547
0.0
0.008
0.153
0.002
0.458
0.0
0.557
0.49
0.0
0.001
0.426
0.0
0.678
0.4
0.003
0.665
0.015
0.518
0.017
0.342
0.0
0.307
0.01
0.735
0.509
0.179
0.521
0.482
0.0
0.008
0.017
0.002
0.102
0.0
0.027
0.017
0.362
0.288
0.318
0.01
0.011
0.478
0.0
0.339
0.0
0.507
0.3
0.062
0.012
0.139
0.496
0.0
0.0
0.051
0.009
0.343
0.456
0.005
0.582
0.024
0.005
0.005
0.003
0.012
0.43
0.62
0.311
0.471
0.166
0.002
0.672
0.0
0.35
0.0
0.302
0.86
0.231
0.667
0.394
0.0
0.0
0.016
0.089
0.005
0.013
0.014
0.487
0.124
0.014
0.951
0.246
0.581
0.525
0.199
0.019
0.0
0.0
0.0
0.232
0.746
0.51
0.162
0.31
0.299
0.604
0.758
[Finished in 4.9s]